1.8394099473953247,2.471054792404175,0.07313020527362823
1.8394099473953247,2.471054792404175,0.07313020527362823
1.8394099473953247,2.471054792404175,0.07313020527362823
1.8394099473953247,2.471054792404175,0.07313020527362823
1.8394099473953247,2.471054792404175,0.07313020527362823
1.8394099473953247,2.471054792404175,0.07313020527362823
1.8394099473953247,2.471054792404175,0.07313020527362823
1.8394099473953247,2.471054792404175,0.07313020527362823
1.8394099473953247,2.471054792404175,0.07313020527362823
1.8394099473953247,2.471054792404175,0.07313020527362823
1.8394099473953247,2.471054792404175,0.07313020527362823
1.840297818183899,2.471043348312378,0.07181604206562042
1.839614987373352,2.470428228378296,0.0719662457704544
1.841201901435852,2.471811056137085,0.07155139744281769
1.840541958808899,2.47168231010437,0.07233960926532745
1.8411322832107544,2.4702861309051514,0.06955058872699738
1.8406649827957153,2.4700067043304443,0.06984861195087433
1.8415147066116333,2.4703986644744873,0.06914623081684113
1.8417607545852661,2.469637632369995,0.06773622334003448
1.8418017625808716,2.470336675643921,0.06864030659198761
1.8423625230789185,2.4714343547821045,0.06933267414569855
1.8415614366531372,2.470911741256714,0.06978566944599152
1.842514157295227,2.471722364425659,0.0695091038942337
1.8422433137893677,2.4722888469696045,0.07068593800067902
1.8401843309402466,2.471773862838745,0.0729881078004837
1.8397055864334106,2.4724833965301514,0.07466943562030792
1.8385764360427856,2.471815824508667,0.07540042698383331
1.8387032747268677,2.4724767208099365,0.07612474262714386
1.8354274034500122,2.470869779586792,0.07870252430438995
1.8351927995681763,2.4707372188568115,0.0788627415895462
1.8401023149490356,2.4738471508026123,0.07596929371356964
1.8392306566238403,2.472832441329956,0.07584436237812042
1.8408509492874146,2.4748761653900146,0.07629306614398956
1.8413430452346802,2.4754855632781982,0.07641370594501495
1.8408280611038208,2.4756085872650146,0.0773373395204544
1.8422795534133911,2.4774348735809326,0.07773073017597198
1.8411942720413208,2.4758269786834717,0.07710178196430206
1.8424016237258911,2.4778811931610107,0.07816798985004425
1.842788815498352,2.4780690670013428,0.07786186039447784
1.8432704210281372,2.478550672531128,0.07781989872455597
1.8460370302200317,2.4792401790618896,0.07472379505634308
1.8455973863601685,2.479215383529663,0.07533176243305206
1.842642903327942,2.4771811962127686,0.07685001194477081
1.8441754579544067,2.477961301803589,0.07568366825580597
1.8433963060379028,2.4775636196136475,0.07627590000629425
1.8449193239212036,2.478900671005249,0.07589156925678253
1.8460971117019653,2.4805924892425537,0.07650144398212433
1.8479052782058716,2.4821975231170654,0.0760699063539505
1.8479167222976685,2.4804494380950928,0.07364089787006378
1.845795750617981,2.478992223739624,0.07473428547382355
1.848654866218567,2.4816224575042725,0.0741782933473587
1.846044659614563,2.4797427654266357,0.07540567219257355
1.849849820137024,2.4829938411712646,0.07432277500629425
1.847469449043274,2.4798572063446045,0.07347829639911652
1.8465033769607544,2.4782302379608154,0.07264859974384308
1.8469792604446411,2.479740858078003,0.07403524219989777
1.8481084108352661,2.480008840560913,0.07275255024433136
1.8463469743728638,2.4788930416107178,0.07379014790058136
1.8449593782424927,2.4784305095672607,0.0751844197511673
1.844687581062317,2.478400945663452,0.07554014027118683
1.8451634645462036,2.478541135787964,0.07503707706928253
1.8444596529006958,2.478092908859253,0.07544858753681183
1.846258282661438,2.479565382003784,0.07484729588031769
1.8478347063064575,2.4796578884124756,0.07266910374164581
1.8455973863601685,2.477646589279175,0.07316882908344269
1.8463107347488403,2.4778945446014404,0.07246740162372589
1.8500539064407349,2.4803760051727295,0.07041318714618683
1.8489447832107544,2.479469060897827,0.07078512012958527
1.8488675355911255,2.4792706966400146,0.0706234723329544
1.848786473274231,2.479069471359253,0.07046373188495636
1.8492861986160278,2.4793508052825928,0.07012183964252472
1.8490582704544067,2.4794976711273193,0.07065828144550323
1.8477860689163208,2.4778859615325928,0.07029636204242706
1.8502475023269653,2.4796760082244873,0.06916292011737823
1.8494893312454224,2.478048086166382,0.0680275708436966
1.8492499589920044,2.4769952297210693,0.06692560017108917
1.8498393297195435,2.4778687953948975,0.06726844608783722
1.8500148057937622,2.4770543575286865,0.06588752567768097
1.8516398668289185,2.4785706996917725,0.0656014233827591
1.8510609865188599,2.478698492050171,0.0666256695985794
1.8480645418167114,2.476815938949585,0.06841237843036652
1.8466836214065552,2.475980520248413,0.0692806988954544
1.8483182191848755,2.477302312850952,0.06871183216571808
1.8476849794387817,2.4764955043792725,0.06852586567401886
1.8474246263504028,2.476086378097534,0.06834419071674347
1.8465262651443481,2.475456953048706,0.06879003345966339
1.8471003770828247,2.47623610496521,0.06902368366718292
1.8456774950027466,2.4753434658050537,0.0698757916688919
1.8455144166946411,2.475543737411499,0.07038934528827667
1.8448973894119263,2.47455096244812,0.06992347538471222
1.844854474067688,2.474485158920288,0.06989438831806183
1.8443909883499146,2.4744937419891357,0.07058484852313995
1.8457518815994263,2.4753806591033936,0.06981761753559113
1.8441029787063599,2.473853826522827,0.07012422382831573
1.8459664583206177,2.475351095199585,0.0694633275270462
1.8457099199295044,2.475297689437866,0.06976325809955597
1.8452311754226685,2.474205732345581,0.0689588338136673
1.8447390794754028,2.4732911586761475,0.06841714680194855
1.8453503847122192,2.473536252975464,0.0678597241640091
1.8437224626541138,2.472182035446167,0.06837423145771027
1.845847249031067,2.472691297531128,0.0659685879945755
1.8436604738235474,2.4707839488983154,0.06653650104999542
1.8441048860549927,2.4703986644744873,0.06535585224628448
1.8433228731155396,2.4697091579437256,0.06554801762104034
1.8427459001541138,2.4690310955047607,0.06545789539813995
1.8442813158035278,2.4702823162078857,0.06493623554706573
1.8452397584915161,2.4711759090423584,0.06476648151874542
1.8451224565505981,2.471277952194214,0.06507928669452667
1.8448125123977661,2.4708468914031982,0.06493861973285675
1.8441954851150513,2.4705960750579834,0.0654950886964798
1.8458281755447388,2.47149920463562,0.0643521100282669
1.8452149629592896,2.4726998805999756,0.06690509617328644
1.8473988771438599,2.4735219478607178,0.06484325230121613
1.8459492921829224,2.473029851913452,0.06628568470478058
1.8474599123001099,2.4726645946502686,0.06357057392597198
1.8473960161209106,2.4731814861297607,0.06437833607196808
1.8479043245315552,2.473810911178589,0.06450136005878448
1.8465806245803833,2.4722163677215576,0.06424005329608917
1.847641110420227,2.4725425243377686,0.06313808262348175
1.84888756275177,2.4716250896453857,0.060048654675483704
1.8481532335281372,2.4711415767669678,0.06045730412006378
1.8466788530349731,2.4703309535980225,0.06149633228778839
1.8486167192459106,2.4717814922332764,0.06066043674945831
1.847652554512024,2.47041392326355,0.06018646061420441
1.8467236757278442,2.470614194869995,0.061820581555366516
1.8461886644363403,2.4701268672943115,0.061931684613227844
1.8451424837112427,2.4696385860443115,0.06278903782367706
1.8428679704666138,2.468810796737671,0.06497485935688019
1.8411732912063599,2.46612811088562,0.06375415623188019
1.8394194841384888,2.463958501815796,0.0633297711610794
1.8406630754470825,2.4660260677337646,0.06436164677143097
1.8385058641433716,2.4627444744110107,0.06299026310443878
1.8376179933547974,2.4620521068573,0.06333501636981964
1.8402901887893677,2.4643285274505615,0.0625654011964798
1.839518666267395,2.4639670848846436,0.06319434940814972
1.839284062385559,2.4637258052825928,0.06320531666278839
1.8390790224075317,2.463574171066284,0.06329686939716339
1.8396750688552856,2.463230848312378,0.061950281262397766
1.8400593996047974,2.462937116622925,0.06098325550556183
1.840241551399231,2.4630630016326904,0.060889795422554016
1.8399945497512817,2.462898015975952,0.0610242635011673
1.839767575263977,2.462895154953003,0.061353281140327454
1.8395682573318481,2.462862730026245,0.06159885227680206
1.8393689393997192,2.462829351425171,0.061844900250434875
1.8391696214675903,2.462796926498413,0.06209094822406769
1.8377381563186646,2.4622886180877686,0.06348522007465363
1.8378897905349731,2.4613492488861084,0.06196792423725128
1.8377028703689575,2.4605472087860107,0.061135366559028625
1.8370391130447388,2.4599597454071045,0.061297014355659485
1.8365060091018677,2.459322690963745,0.06119878590106964
1.8390837907791138,2.4618194103240967,0.06086786091327667
1.839168667793274,2.4619481563568115,0.060923174023628235
1.8384743928909302,2.4603641033172607,0.059753015637397766
1.8377028703689575,2.4600274562835693,0.06041915714740753
1.8374425172805786,2.458885908126831,0.059224680066108704
1.8377972841262817,2.4586827754974365,0.05842502415180206
1.8390218019485474,2.4603097438812256,0.058878496289253235
1.8397332429885864,2.459869146347046,0.05722816288471222
1.8413830995559692,2.4603374004364014,0.055460527539253235
1.842103123664856,2.460644483566284,0.05483062565326691
1.8411465883255005,2.4598748683929443,0.05516822636127472
1.841812252998352,2.459477186203003,0.05364568531513214
1.8444730043411255,2.4596126079559326,0.049939706921577454
1.844645619392395,2.4605634212493896,0.05099828541278839
1.8459044694900513,2.4604651927948,0.04902036488056183
1.847981572151184,2.460543394088745,0.046088770031929016
1.8486891984939575,2.460752248764038,0.04534204304218292
1.8494826555252075,2.4609782695770264,0.044492319226264954
1.8468533754348755,2.462080717086792,0.04986102879047394
1.844960331916809,2.4615561962127686,0.051906660199165344
1.84748375415802,2.46199107170105,0.048813894391059875
1.848857045173645,2.4622695446014404,0.04718978703022003
1.850225567817688,2.4625556468963623,0.045580461621284485
1.851441502571106,2.463853597640991,0.04559190571308136
1.8523293733596802,2.4650866985321045,0.04599340260028839
1.8506022691726685,2.465967893600464,0.049737051129341125
1.847927212715149,2.464832067489624,0.052083566784858704
1.84742271900177,2.4641759395599365,0.05191667377948761
1.88550865650177,2.4562156200408936,-0.014791890978813171
1.8860799074172974,2.4572789669036865,-0.01416151225566864
1.888844609260559,2.4604451656341553,-0.01384107768535614
1.888814091682434,2.4615094661712646,-0.012327596545219421
1.8867465257644653,2.4597575664520264,-0.011719629168510437
1.8855000734329224,2.458820104598999,-0.011188432574272156
1.8844538927078247,2.4576871395111084,-0.011219903826713562
1.8833552598953247,2.45660662651062,-0.011103555560112
1.8831979036331177,2.4591004848480225,-0.007431909441947937
1.878785252571106,2.4588429927825928,-0.0013312548398971558
1.8754292726516724,2.459062337875366,0.003882959485054016
1.8750077486038208,2.4601848125457764,0.0060473233461380005
1.8733311891555786,2.4595859050750732,0.0076761990785598755
1.8707677125930786,2.45701003074646,0.007873132824897766
1.8727236986160278,2.4599015712738037,0.008998468518257141
1.8725568056106567,2.4589555263519287,0.007938459515571594
1.871817708015442,2.457505941390991,0.0070200711488723755
1.872696042060852,2.458200216293335,0.006693437695503235
1.8712197542190552,2.4574077129364014,0.007759645581245422
1.8730307817459106,2.458150625228882,0.006134584546089172
1.8729954957962036,2.456817388534546,0.00434739887714386
1.8736335039138794,2.4593846797943115,0.006954744458198547
1.8733750581741333,2.4565589427948,0.003435686230659485
1.874059796333313,2.457141637802124,0.003237798810005188
1.8745471239089966,2.4574201107025146,0.0029083043336868286
1.8735076189041138,2.456608533859253,0.0033088475465774536
1.8753997087478638,2.4583213329315186,0.0029030591249465942
1.8723374605178833,2.4557816982269287,0.0038815289735794067
1.872700810432434,2.4548089504241943,0.002009466290473938
1.87043297290802,2.455425977706909,0.00617845356464386
1.8703776597976685,2.4551198482513428,0.005836561322212219
1.8713351488113403,2.4559848308563232,0.005630090832710266
1.8667956590652466,2.451059103012085,0.005477502942085266
1.872487187385559,2.4567506313323975,0.004998758435249329
1.8715640306472778,2.4541327953338623,0.0027399808168411255
1.8764516115188599,2.456486463546753,-0.0011667460203170776
1.8708420991897583,2.4529407024383545,0.0021520406007766724
1.8762799501419067,2.4553449153900146,-0.0024890154600143433
1.8772574663162231,2.4561755657196045,-0.002774164080619812
1.876012921333313,2.4564969539642334,-0.0005091875791549683
1.875473141670227,2.455482244491577,-0.0011195391416549683
1.8727580308914185,2.451282262802124,-0.0029405802488327026
1.8738452196121216,2.4552981853485107,0.0010081082582473755
1.8757230043411255,2.4557254314422607,-0.0011495798826217651
1.877167820930481,2.4565932750701904,-0.0020670145750045776
1.8779059648513794,2.456923246383667,-0.0026921480894088745
1.8788853883743286,2.4577481746673584,-0.002987787127494812
1.8798505067825317,2.458479642868042,-0.0033897608518600464
1.8780347108840942,2.457127332687378,-0.002599164843559265
1.8769522905349731,2.456324338912964,-0.00212232768535614
1.8758717775344849,2.455528974533081,-0.0016378611326217651
1.8747912645339966,2.454732656478882,-0.0011553019285202026
1.875198483467102,2.4551007747650146,-0.0012435168027877808
1.8705077171325684,2.4552419185638428,-0.0018911287188529968
1.856119155883789,2.4549155235290527,-0.004009678959846497
1.8350372314453125,2.454622745513916,-0.009246662259101868
1.7781975269317627,2.433216094970703,5.210191011428833e-05
1.7288259267807007,2.417689323425293,0.004302419722080231
1.6806367635726929,2.4042489528656006,0.015172615647315979
1.6425542831420898,2.380512237548828,0.00968606024980545
1.6042104959487915,2.359022855758667,0.024780280888080597
1.6090232133865356,2.3554461002349854,0.01886145770549774
1.6536717414855957,2.371704578399658,-0.004216104745864868
1.6943110227584839,2.392207145690918,-0.007855929434299469
1.7256526947021484,2.409285545349121,-0.001326039433479309
2.0902090072631836,2.898308277130127,0.164564311504364
2.092121124267578,2.885420322418213,0.16131848096847534
2.141747236251831,2.960658550262451,0.20528362691402435
2.149287223815918,2.9864869117736816,0.2423871010541916
2.1836471557617188,3.040436267852783,0.27857863903045654
2.203798770904541,3.0712502002716064,0.303066223859787
2.202056884765625,3.065890073776245,0.3090064525604248
2.1891987323760986,3.0541605949401855,0.3216870427131653
2.1715047359466553,3.0328075885772705,0.3274569511413574
2.1468124389648438,3.0046651363372803,0.3334578573703766
2.1234536170959473,2.9675471782684326,0.32462120056152344
2.0951626300811768,2.9351305961608887,0.3291214108467102
1.9978904724121094,2.9114983081817627,0.4464561343193054
1.987857699394226,2.8974695205688477,0.44928279519081116
1.9930555820465088,2.896822929382324,0.44827574491500854
1.9964337348937988,2.889756441116333,0.4406609833240509
1.9829498529434204,2.940103054046631,0.5360133051872253
1.9746942520141602,2.969419002532959,0.5938242673873901
1.9712692499160767,3.0074782371520996,0.6558194756507874
1.9677542448043823,3.042363405227661,0.7129355072975159
1.9628220796585083,3.0698633193969727,0.7615562081336975
1.9572358131408691,3.0960190296173096,0.8092154860496521
1.952900767326355,3.1242849826812744,0.8582344055175781
1.9416882991790771,3.1532509326934814,0.918880045413971
1.9215513467788696,3.1858227252960205,0.9984033107757568
1.895398497581482,3.2060375213623047,1.0706943273544312
1.8585282564163208,3.228667974472046,1.1631027460098267
1.8421655893325806,3.2522597312927246,1.2279529571533203
1.8233815431594849,3.271070957183838,1.2905501127243042
1.8044846057891846,3.290916919708252,1.3552511930465698
1.7884876728057861,3.3085498809814453,1.4132301807403564
1.7752434015274048,3.3259034156799316,1.4674232006072998
1.7675913572311401,3.343745231628418,1.5147677659988403
1.7642207145690918,3.363598585128784,1.559296727180481
1.7664520740509033,3.388232707977295,1.6028730869293213
1.7673259973526,3.412273645401001,1.6482080221176147
1.7681368589401245,3.43038010597229,1.6859567165374756
1.7652583122253418,3.440253973007202,1.7181298732757568
1.7525721788406372,3.437191963195801,1.7470893859863281
1.7259669303894043,3.4242401123046875,1.7829402685165405
1.6960524320602417,3.412896156311035,1.8259265422821045
1.6639137268066406,3.400235414505005,1.8703442811965942
1.6212577819824219,3.382249593734741,1.9243613481521606
1.5872234106063843,3.364936113357544,1.9696452617645264
1.548203468322754,3.3374183177948,2.0104751586914062
1.5043461322784424,3.2999281883239746,2.0458176136016846
1.460016131401062,3.2615771293640137,2.0802557468414307
1.4149127006530762,3.225051164627075,2.116164445877075
1.3765878677368164,3.194401979446411,2.1465818881988525
1.3388818502426147,3.169414520263672,2.1792895793914795
1.2990034818649292,3.147696018218994,2.2147581577301025
1.2544211149215698,3.1250722408294678,2.2510735988616943
1.1869642734527588,3.1209559440612793,2.3440358638763428
1.1400271654129028,3.117002010345459,2.4070661067962646
1.1425026655197144,3.1199123859405518,2.4071226119995117
1.1493333578109741,3.127594232559204,2.407257556915283
1.1557658910751343,3.1348154544830322,2.407205581665039
1.16011381149292,3.141092538833618,2.4087719917297363
1.1596931219100952,3.1415579319000244,2.409169912338257
1.1638562679290771,3.146139144897461,2.4084033966064453
1.1691011190414429,3.153045415878296,2.4091310501098633
1.177474856376648,3.1618921756744385,2.4078316688537598
1.1846930980682373,3.1699395179748535,2.406994104385376
1.188555121421814,3.1761457920074463,2.408400774002075
1.1921554803848267,3.1805827617645264,2.407625913619995
1.1958776712417603,3.185549020767212,2.4072811603546143
1.199469804763794,3.190469264984131,2.4069406986236572
1.2029331922531128,3.1953468322753906,2.406611680984497
1.2055432796478271,3.200026512145996,2.407137870788574
1.2076960802078247,3.2041099071502686,2.4074015617370605
1.2098690271377563,3.2083218097686768,2.407698154449463
1.2105919122695923,3.2110791206359863,2.407998561859131
1.2112538814544678,3.2137179374694824,2.40811824798584
1.2115737199783325,3.216080904006958,2.408255100250244
1.208646535873413,3.214813709259033,2.408029556274414
1.1993739604949951,3.2073256969451904,2.4084105491638184
1.200697422027588,3.1989657878875732,2.391988515853882
1.2004358768463135,3.1913485527038574,2.3788135051727295
1.2126773595809937,3.186490058898926,2.351057529449463
1.2214698791503906,3.180907964706421,2.3272640705108643
1.2305828332901,3.1749134063720703,2.3023476600646973
1.23783540725708,3.1678121089935303,2.2785446643829346
1.24006986618042,3.159574270248413,2.26043701171875
1.2450337409973145,3.1506998538970947,2.2373838424682617
1.246155858039856,3.1389565467834473,2.215920925140381
1.2475841045379639,3.128861427307129,2.1962170600891113
1.2460801601409912,3.118434190750122,2.1802804470062256
1.2423707246780396,3.108428955078125,2.1680915355682373
1.2358241081237793,3.0987987518310547,2.1605114936828613
1.228750228881836,3.088731527328491,2.1530473232269287
1.2216663360595703,3.077796697616577,2.144345998764038
1.2147600650787354,3.067030429840088,2.1355741024017334
1.2078121900558472,3.0563435554504395,2.126922845840454
1.197182059288025,3.049140691757202,2.1284241676330566
1.193135142326355,3.04870867729187,2.129595994949341
1.187839150428772,3.0460548400878906,2.1294913291931152
1.180358648300171,3.038769483566284,2.1261684894561768
1.1710858345031738,3.034883499145508,2.1301259994506836
1.1647356748580933,3.0332353115081787,2.1328659057617188
1.158777117729187,3.0296261310577393,2.1323065757751465
1.1504946947097778,3.020772933959961,2.1278953552246094
1.1422398090362549,3.0127503871917725,2.12457275390625
1.1370437145233154,2.9966070652008057,2.105562210083008
1.1287559270858765,2.977954387664795,2.0876004695892334
1.1215287446975708,2.961761951446533,2.071474313735962
1.119170904159546,2.9503211975097656,2.0547711849212646
1.1196882724761963,2.94020414352417,2.0356833934783936
1.1230782270431519,2.9292566776275635,2.011246919631958
1.1299493312835693,2.91621994972229,1.978835940361023
1.1341552734375,2.9057443141937256,1.9538657665252686
1.1390386819839478,2.9005703926086426,1.93522310256958
1.1480165719985962,2.899751663208008,1.9166048765182495
1.1577930450439453,2.8942208290100098,1.8903309106826782
1.1650773286819458,2.880335807800293,1.8561904430389404
1.1690657138824463,2.8725013732910156,1.835220217704773
1.1786197423934937,2.8767690658569336,1.822799801826477
1.1950567960739136,2.887159585952759,1.8087457418441772
1.2006468772888184,2.8875811100006104,1.7968089580535889
1.2075631618499756,2.8901278972625732,1.7858450412750244
1.2312685251235962,2.893665313720703,1.7516562938690186
1.261328935623169,2.90909481048584,1.7245415449142456
1.2923630475997925,2.936814546585083,1.7129234075546265
1.3322045803070068,2.9750194549560547,1.7028326988220215
1.375393033027649,3.017237901687622,1.6933250427246094
1.4201736450195312,3.0599749088287354,1.6821447610855103
1.4621047973632812,3.090306043624878,1.6579512357711792
1.5003993511199951,3.1183557510375977,1.6358534097671509
1.5549890995025635,3.1748485565185547,1.6290643215179443
1.6347286701202393,3.2578842639923096,1.6219863891601562
1.683813452720642,3.3137824535369873,1.622235655784607
1.6963802576065063,3.336276054382324,1.629743218421936
1.708491563796997,3.354055881500244,1.6313031911849976
1.7167882919311523,3.3661580085754395,1.6305079460144043
1.7243739366531372,3.3764185905456543,1.6280992031097412
1.727070927619934,3.3859407901763916,1.6317110061645508
1.7270656824111938,3.3914403915405273,1.633623719215393
1.7228398323059082,3.399660587310791,1.6453545093536377
1.715990662574768,3.4078598022460938,1.6607956886291504
1.7117100954055786,3.412182092666626,1.6670283079147339
1.7071826457977295,3.4098947048187256,1.6644184589385986
1.6985121965408325,3.4024996757507324,1.6607359647750854
1.6906296014785767,3.4067089557647705,1.6718300580978394
1.685605764389038,3.4205031394958496,1.6918940544128418
1.6268976926803589,3.404606819152832,1.749493956565857
1.610381841659546,3.398017168045044,1.7581391334533691
1.6021127700805664,3.388179302215576,1.750189185142517
1.5872284173965454,3.36702561378479,1.7362687587738037
1.5765882730484009,3.3584606647491455,1.7336138486862183
1.5687252283096313,3.3531742095947266,1.7316217422485352
1.5571231842041016,3.3403403759002686,1.7247776985168457
1.5514501333236694,3.328996181488037,1.7112430334091187
1.55296790599823,3.326239585876465,1.6987788677215576
1.5553100109100342,3.3230128288269043,1.6840243339538574
1.5627787113189697,3.324024200439453,1.6670050621032715
1.5650767087936401,3.3254759311676025,1.6574617624282837
1.567906141281128,3.3270962238311768,1.646652340888977
1.6703557968139648,3.4101812839508057,1.6017740964889526
1.6864268779754639,3.4266748428344727,1.590887427330017
1.7157838344573975,3.4549033641815186,1.5763376951217651
1.7151132822036743,3.440521478652954,1.5492867231369019
1.7717537879943848,3.4574716091156006,1.4870166778564453
1.7944241762161255,3.4766154289245605,1.4837623834609985
1.8379558324813843,3.4695446491241455,1.4212114810943604
1.8448846340179443,3.4402763843536377,1.3903416395187378
1.8621346950531006,3.4266090393066406,1.3761478662490845
1.8899016380310059,3.4142212867736816,1.3601624965667725
1.9577522277832031,3.384476900100708,1.2747657299041748
2.001478910446167,3.350083112716675,1.2322627305984497
2.038987159729004,3.3005189895629883,1.1919115781784058
2.065598726272583,3.2127647399902344,1.1276830434799194
2.110825300216675,3.1092143058776855,1.0249719619750977
2.1335926055908203,3.022639036178589,0.9857334494590759
2.114598512649536,2.9133172035217285,0.9793459177017212
2.0897388458251953,2.8359947204589844,1.0243908166885376
2.1424617767333984,2.818488359451294,1.0328325033187866
2.1470627784729004,2.738875389099121,1.0166044235229492
2.171203374862671,2.631328582763672,0.920706033706665
2.264063596725464,2.612316131591797,0.8452246189117432
2.384766101837158,2.6144096851348877,0.7503109574317932
2.4100589752197266,2.5282232761383057,0.631446361541748
2.4069719314575195,2.6006946563720703,0.7147039175033569
2.3586690425872803,2.6820197105407715,0.8399735689163208
2.2035083770751953,2.678115129470825,1.009375810623169
1.8077267408370972,2.2905805110931396,1.0355944633483887
1.4371594190597534,1.8970156908035278,1.0370302200317383
1.089224934577942,1.6678497791290283,1.232090711593628
0.9492244124412537,1.574596643447876,1.310327410697937
0.8751227259635925,1.5523431301116943,1.390007734298706
0.6898532509803772,1.3814467191696167,1.4272453784942627
0.5807159543037415,1.2934656143188477,1.4673231840133667
0.5161757469177246,1.2394887208938599,1.488888144493103
0.4894269108772278,1.2167885303497314,1.4981120824813843
0.44291213154792786,1.1951971054077148,1.5375725030899048
0.302911639213562,1.034221887588501,1.5213533639907837
0.2168862223625183,0.9481966495513916,1.5293089151382446
0.15951386094093323,0.873340368270874,1.5105232000350952
0.11156158149242401,0.8186666369438171,1.505588173866272
0.022257458418607712,0.7193854451179504,1.4994436502456665
-0.09235022217035294,0.6381452679634094,1.555050253868103
-0.22594505548477173,0.530393123626709,1.556725263595581
-0.3198527991771698,0.5415079593658447,1.5600306987762451
-0.5990452170372009,0.4089496433734894,1.5197573900222778
-0.646294891834259,0.531132161617279,1.422601342201233
-0.8132019639015198,0.5356308221817017,1.379380702972412
-0.92036372423172,0.510852575302124,1.3248108625411987
-0.9894839525222778,0.46368303894996643,1.2862939834594727
-0.9206719994544983,0.494437038898468,1.2080035209655762
-0.8553795218467712,0.5150485038757324,1.1370033025741577
-0.8147920966148376,0.5404134392738342,1.108927845954895
-0.6932486891746521,0.5938408374786377,1.0013000965118408
-0.6609402894973755,0.5814609527587891,0.9336799383163452
-0.6444873809814453,0.5571238994598389,0.8729745745658875
-0.6287283301353455,0.5565716624259949,0.8462894558906555
-0.6558422446250916,0.4424011707305908,0.7258203625679016
-0.6643162369728088,0.4310317933559418,0.7200383543968201
-0.6882519721984863,0.388893723487854,0.6945722103118896
-0.6635092496871948,0.36634165048599243,0.6249463558197021
-0.6477006673812866,0.3516826033592224,0.5792771577835083
-0.6653187870979309,0.2917329967021942,0.5199682712554932
-0.6610093712806702,0.24910703301429749,0.45233142375946045
-0.6667476296424866,0.2457173764705658,0.4533405900001526
-0.6795796751976013,0.18890640139579773,0.3908565938472748
-0.6929430961608887,0.1597619354724884,0.3671276569366455
-0.6619502305984497,0.12424986809492111,0.26969629526138306
-0.6502481698989868,0.1073717549443245,0.22632348537445068
-0.6562541723251343,0.08726280927658081,0.20459720492362976
-0.6211851835250854,0.07953402400016785,0.14018794894218445
-0.5661026835441589,0.1263713389635086,0.12232980132102966
-0.4899034798145294,0.12138456106185913,0.0029218047857284546
-0.43418577313423157,0.15887001156806946,-0.026889555156230927
-0.3158751428127289,0.2649955451488495,-0.052519820630550385
-0.18783487379550934,0.3357433080673218,-0.14019300043582916
-0.09683813154697418,0.41762346029281616,-0.15759190917015076
-0.03204694762825966,0.45416244864463806,-0.19882266223430634
0.14889119565486908,0.5514188408851624,-0.326265424489975
0.2775688171386719,0.6560051441192627,-0.38138705492019653
0.3616890609264374,0.7029032111167908,-0.44612711668014526
0.5332847237586975,0.8371212482452393,-0.5035820007324219
0.706904947757721,0.9120528697967529,-0.6542830467224121
0.8248525261878967,0.9669926166534424,-0.7510943412780762
1.0013893842697144,1.046341061592102,-0.9374305009841919
1.2928210496902466,1.2032214403152466,-1.1377203464508057
1.5254672765731812,1.2661466598510742,-1.1328558921813965
1.8433470726013184,1.3022773265838623,-1.2047839164733887
2.052351474761963,1.3785189390182495,-1.2682141065597534
1.9623931646347046,1.119835376739502,-1.504364252090454
1.7074092626571655,0.8375056982040405,-1.5560468435287476
1.3539835214614868,0.6436495780944824,-1.3681334257125854
1.2357594966888428,0.5551559925079346,-1.4033595323562622
1.271785855293274,0.45152732729911804,-1.701319694519043
1.1608937978744507,0.36827290058135986,-1.7600934505462646
0.9350449442863464,0.12223843485116959,-1.8674533367156982
0.8791096210479736,0.11300875246524811,-1.881587028503418
0.5981840491294861,-0.10315895080566406,-1.8442145586013794
0.5303215980529785,-0.13686491549015045,-1.8566473722457886
0.6851363778114319,-0.02821580320596695,-1.9669318199157715
0.7623689770698547,0.055243149399757385,-1.9525669813156128
0.794596254825592,0.05597846582531929,-1.9457037448883057
0.8174732327461243,0.03744306415319443,-1.9336035251617432
0.8263264894485474,-0.007344700396060944,-1.9434446096420288
1.2624932527542114,0.6443191170692444,-1.6386610269546509
1.4921220541000366,1.0521987676620483,-1.3805114030838013
1.6416865587234497,1.1302261352539062,-1.4612312316894531
1.8298113346099854,1.2860804796218872,-1.4930953979492188
1.9487273693084717,1.3916398286819458,-1.496165156364441
2.0154612064361572,1.4588369131088257,-1.4796504974365234
2.095690965652466,1.5330790281295776,-1.4772021770477295
2.234503984451294,1.6738195419311523,-1.472374677658081
2.364290237426758,1.8544292449951172,-1.4021620750427246
2.4750916957855225,2.0402469635009766,-1.298654317855835
2.5296993255615234,2.2137537002563477,-1.1313925981521606
2.5482044219970703,2.3059823513031006,-1.025546669960022
2.5550026893615723,2.392026901245117,-0.9138463735580444
2.580928325653076,2.481842517852783,-0.8279629945755005
2.6150076389312744,2.569413900375366,-0.7598855495452881
2.6364095211029053,2.643709182739258,-0.6934859752655029
2.6270203590393066,2.676004648208618,-0.6406800150871277
2.6190168857574463,2.680835485458374,-0.6273295879364014
2.5809319019317627,2.693812131881714,-0.5574018955230713
2.5541272163391113,2.723398208618164,-0.4792524576187134
2.5321383476257324,2.7650768756866455,-0.38906484842300415
2.519026756286621,2.808218002319336,-0.30693519115448
2.4991204738616943,2.852271556854248,-0.21067240834236145
2.4482262134552,2.8858916759490967,-0.08072789013385773
2.3410749435424805,2.858046293258667,0.04892045259475708
2.185671329498291,2.780345916748047,0.18159866333007812
2.045539617538452,2.6938207149505615,0.2796550393104553
1.983746886253357,2.6199469566345215,0.279116153717041
1.93211030960083,2.595916509628296,0.3299608528614044
1.9049746990203857,2.5923900604248047,0.3700377941131592
1.9020096063613892,2.6276397705078125,0.42475277185440063
1.9239307641983032,2.7055978775024414,0.5002036690711975
1.9468494653701782,2.792342185974121,0.5863156914710999
1.9537616968154907,2.8980627059936523,0.7220234870910645
1.9484649896621704,3.0421838760375977,0.92856365442276
1.9197059869766235,3.18094539642334,1.1620421409606934
1.8405081033706665,3.2641820907592773,1.3927407264709473
1.7655349969863892,3.2672643661499023,1.5066990852355957
1.5744377374649048,3.1873674392700195,1.6761231422424316
1.3667556047439575,2.9208850860595703,1.608290672302246
1.2733718156814575,2.7263121604919434,1.5085546970367432
1.2757266759872437,2.5564708709716797,1.46938955783844
1.3518236875534058,2.3515586853027344,1.488208293914795
1.2055240869522095,2.07918119430542,1.6994187831878662
1.1952327489852905,2.0603220462799072,1.7900501489639282
1.2531964778900146,2.122201442718506,1.6920576095581055
1.1913363933563232,2.123446226119995,1.6088873147964478
0.728778064250946,1.8384078741073608,1.6705024242401123
0.5686430931091309,1.7952550649642944,1.603899359703064
0.3601045608520508,1.673708200454712,1.5090843439102173
0.17255528271198273,1.589073896408081,1.4672801494598389
0.025300364941358566,1.3908666372299194,1.2563133239746094
-0.20059199631214142,1.1691374778747559,1.17600679397583
-0.2757789194583893,1.0312319993972778,1.031165599822998
-0.38720276951789856,0.9143853783607483,0.9974280595779419
-0.34988799691200256,0.9164140224456787,0.9288603663444519
-0.1297115683555603,1.099337100982666,0.8542953729629517
-0.11618799716234207,1.0937376022338867,0.8267823457717896
-0.09284443408250809,1.0966119766235352,0.7965890169143677
-0.1056646779179573,1.1053876876831055,0.8274527788162231
-0.0974239781498909,1.116344928741455,0.8305083513259888
-0.09542650729417801,1.117321491241455,0.8289324045181274
-0.1034659817814827,1.072662353515625,0.7790971994400024
-0.15827840566635132,1.0404376983642578,0.8148552179336548
-0.2014259696006775,0.9876642227172852,0.8052011728286743
-0.20581144094467163,0.9867072105407715,0.8102980852127075
-0.21099895238876343,0.9210090637207031,0.727270245552063
-0.08617634326219559,1.0200324058532715,0.6812039613723755
0.36216455698013306,1.383026123046875,0.5258384943008423
0.29796329140663147,1.3155343532562256,0.47719240188598633
0.3402232825756073,1.2794066667556763,0.3477623760700226
0.3394821286201477,1.1709672212600708,0.3472243845462799
0.3701409697532654,1.1283735036849976,0.3391060531139374
0.5086879134178162,1.2578061819076538,0.31490275263786316
0.6998929381370544,1.4417318105697632,0.28880640864372253
0.8901613354682922,1.6320704221725464,0.2729282081127167
1.0362766981124878,1.7993372678756714,0.28983256220817566
1.1160115003585815,1.9091299772262573,0.3245973289012909
1.174859881401062,1.9812840223312378,0.3380098044872284
1.2427242994308472,2.0475902557373047,0.33016011118888855
1.3243807554244995,2.1283607482910156,0.3220820128917694
1.4388684034347534,2.237423896789551,0.3049869239330292
1.5453547239303589,2.3403730392456055,0.291166752576828
1.6548203229904175,2.449347496032715,0.28129813075065613
1.7569931745529175,2.5589213371276855,0.2829265296459198
1.8664435148239136,2.6780943870544434,0.28714701533317566
1.9698446989059448,2.8000407218933105,0.3040456473827362
2.056755781173706,2.891260862350464,0.366305410861969
2.1359596252441406,2.8644590377807617,0.43469861149787903
2.078188180923462,2.6299991607666016,0.5598098635673523
2.1151020526885986,2.5828895568847656,0.7884652614593506
2.086543560028076,2.5468719005584717,0.9849649667739868
2.0805492401123047,2.5830702781677246,1.144801139831543
2.048663377761841,2.5795416831970215,1.2211402654647827
2.05381178855896,2.6282641887664795,1.2558043003082275
2.0266010761260986,2.6890008449554443,1.3291929960250854
1.7988619804382324,2.5626368522644043,1.4443142414093018
1.3822520971298218,2.22648024559021,1.5626037120819092
1.2567135095596313,2.191481590270996,1.6777385473251343
1.0497089624404907,1.9943046569824219,1.688096523284912
0.87108314037323,1.878470540046692,1.7701879739761353
0.7595372200012207,1.7591123580932617,1.7518789768218994
0.6014418601989746,1.6833971738815308,1.8657526969909668
0.5307439565658569,1.6132123470306396,1.8637192249298096
0.3527681827545166,1.4589587450027466,1.906733512878418
0.2559332251548767,1.3681601285934448,1.9218233823776245
0.20008032023906708,1.3058308362960815,1.9175785779953003
0.08843939006328583,1.1487826108932495,1.864322543144226
0.02118055894970894,1.0886868238449097,1.8798516988754272
-0.08287675678730011,1.0206855535507202,1.9383200407028198
-0.42510277032852173,0.7536615133285522,2.0707826614379883
-0.45032936334609985,0.7468808889389038,2.0983448028564453
-0.5250688195228577,0.6817435026168823,2.117863178253174
-0.6111360192298889,0.5938347578048706,2.1225500106811523
-0.6603089570999146,0.5499468445777893,2.096538543701172
-0.7337523102760315,0.5228385329246521,2.044325828552246
-0.9175058603286743,0.45559898018836975,2.0042777061462402
-1.0060524940490723,0.5502344369888306,1.985608458518982
-1.264398455619812,0.42207205295562744,1.9239155054092407
-1.4748308658599854,0.2375030219554901,1.7962641716003418
-1.6007204055786133,0.10943454504013062,1.712730884552002
-1.6956760883331299,-0.01138309296220541,1.659335732460022
-1.769155740737915,-0.12513259053230286,1.6099604368209839
-1.837454080581665,-0.22878363728523254,1.5669325590133667
-1.8967278003692627,-0.31725314259529114,1.5316375494003296
-1.9491455554962158,-0.4119415581226349,1.4777354001998901
-1.9932329654693604,-0.42804911732673645,1.5200306177139282
-1.754028558731079,-0.27011874318122864,1.3878425359725952
-1.5611664056777954,-0.10238062590360641,1.2859632968902588
-1.4799613952636719,-0.03372524678707123,1.1933344602584839
-1.3677619695663452,-0.008403342217206955,1.0998681783676147
-1.2221965789794922,0.07816064357757568,1.0536699295043945
-1.038489580154419,0.3316410183906555,1.143875241279602
-1.0116965770721436,0.3699125647544861,1.1674344539642334
-0.8368392586708069,0.5292035937309265,1.141792893409729
-0.8183001279830933,0.5393096804618835,1.1395916938781738
-0.7423521876335144,0.6446258425712585,1.1850907802581787
-0.5737570524215698,0.8240533471107483,1.1975250244140625
-0.4603269398212433,0.932912290096283,1.1934826374053955
-0.4056415855884552,0.9759588837623596,1.1845810413360596
-0.3001895546913147,1.0803420543670654,1.185752034187317
-0.2448665350675583,1.148911952972412,1.2104161977767944
-0.11616651713848114,1.2709013223648071,1.200703501701355
-0.0753898024559021,1.3391985893249512,1.2446961402893066
-0.011644969694316387,1.4009071588516235,1.244916319847107
0.2667759954929352,1.5851143598556519,1.0987592935562134
0.32478097081184387,1.6411607265472412,1.0970568656921387
0.42398136854171753,1.8174463510513306,1.1995736360549927
0.5555413365364075,1.9708818197250366,1.221871256828308
0.696779191493988,2.1002418994903564,1.195489764213562
0.8018648624420166,2.213127613067627,1.1980276107788086
0.9135563373565674,2.327378749847412,1.1921799182891846
1.0142014026641846,2.4175076484680176,1.1692225933074951
1.1680471897125244,2.5579733848571777,1.1378505229949951
1.259700059890747,2.6853079795837402,1.1793701648712158
1.4203245639801025,2.882132053375244,1.2158153057098389
1.4973280429840088,2.960423469543457,1.2111258506774902
1.5855591297149658,3.079500198364258,1.2462637424468994
1.6864864826202393,3.2006187438964844,1.2656395435333252
1.7330048084259033,3.248777389526367,1.26399564743042
1.732163667678833,3.152005195617676,1.1317462921142578
1.8125505447387695,3.1369614601135254,1.068795919418335
1.6845111846923828,2.772500514984131,1.064509630203247
1.7321887016296387,2.601619005203247,1.229979157447815
1.8015823364257812,2.584625482559204,1.383743405342102
1.8421097993850708,2.6002326011657715,1.463674783706665
1.8852382898330688,2.652374505996704,1.5463967323303223
1.8997693061828613,2.684316635131836,1.6060128211975098
1.9062021970748901,2.7526566982269287,1.7004892826080322
1.9495850801467896,2.906195878982544,1.841896653175354
1.8963285684585571,2.937995433807373,1.9495867490768433
1.7062464952468872,2.797018051147461,2.0185580253601074
1.5014610290527344,2.66133713722229,2.119258165359497
1.3928698301315308,2.48793363571167,2.0310449600219727
1.3279354572296143,2.4290006160736084,2.040071964263916
1.2560855150222778,2.4170334339141846,2.125905990600586
1.1900004148483276,2.3625876903533936,2.145221710205078
1.1206048727035522,2.342329263687134,2.2158620357513428
1.078682780265808,2.312615394592285,2.232088327407837
1.0546350479125977,2.2862794399261475,2.223876714706421
1.0285731554031372,2.272535562515259,2.2292609214782715
1.0101553201675415,2.2643275260925293,2.2216544151306152
1.0020594596862793,2.2707602977752686,2.2099432945251465
0.9516763091087341,2.346616744995117,2.245499849319458
0.814933717250824,2.4754366874694824,2.224830389022827
0.5357912182807922,2.427123546600342,2.1360957622528076
0.4089428186416626,2.346911907196045,2.0419490337371826
0.382099449634552,2.315154790878296,2.002918243408203
0.3422069549560547,2.2545578479766846,1.9491840600967407
0.28438103199005127,2.1967124938964844,1.9310334920883179
0.23220859467983246,2.1113016605377197,1.8715730905532837
0.20009814202785492,2.07098650932312,1.8492894172668457
0.21750235557556152,1.9804340600967407,1.688899040222168
0.18286462128162384,1.901426076889038,1.623533844947815
0.15291061997413635,1.8376353979110718,1.5746114253997803
0.13783614337444305,1.812076449394226,1.558373212814331
0.11586499214172363,1.803418517112732,1.5767958164215088
0.11433055996894836,1.791398525238037,1.5615246295928955
0.09696052968502045,1.7673979997634888,1.5534347295761108
0.17422333359718323,1.7878179550170898,1.468440294265747
0.2830934524536133,1.8324096202850342,1.3706376552581787
0.3831000328063965,1.9149796962738037,1.3381907939910889
0.5053682327270508,2.014641284942627,1.2967429161071777
0.5709772109985352,2.052267551422119,1.2526357173919678
0.6519079208374023,2.103145122528076,1.2043883800506592
0.8035402297973633,2.2323269844055176,1.1606907844543457
0.8834466934204102,2.2987074851989746,1.1353232860565186
0.9049043655395508,2.320521831512451,1.1340134143829346
0.9431114196777344,2.3545632362365723,1.1250598430633545
0.9648933410644531,2.3625473976135254,1.1041991710662842
0.9937052726745605,2.3970494270324707,1.1096298694610596
1.0635957717895508,2.434025287628174,1.0583608150482178
1.1389250755310059,2.489393711090088,1.0245039463043213
1.1801939010620117,2.505153179168701,0.9858529567718506
1.1840543746948242,2.4999241828918457,0.9729921817779541
1.270096778869629,2.5545172691345215,0.9223873615264893
1.2751126289367676,2.521737575531006,0.8698347210884094
1.2696428298950195,2.5207924842834473,0.8765342831611633
1.278548240661621,2.539572238922119,0.8894069790840149
1.266098976135254,2.5247435569763184,0.8871706128120422
1.2812509536743164,2.5201354026794434,0.8586428761482239
1.234419345855713,2.4373888969421387,0.8130367994308472
1.2628027200698853,2.3260138034820557,0.688317060470581
1.2487906217575073,2.2316954135894775,0.6798969507217407
1.183593988418579,2.1321122646331787,0.6270132660865784
1.1233201026916504,2.065774440765381,0.589765727519989
1.0566680431365967,1.9911596775054932,0.5331416726112366
0.8801341652870178,1.8564260005950928,0.5511916875839233
0.5614579916000366,1.6802499294281006,0.7282043099403381
0.44271692633628845,1.561785340309143,0.7007056474685669
0.3453659117221832,1.4436554908752441,0.6469070315361023
0.11895018815994263,1.232642412185669,0.6568577885627747
0.034995727241039276,1.1629711389541626,0.6562461853027344
-0.1331297755241394,1.0608322620391846,0.7398481965065002
0.03849589452147484,1.2175297737121582,0.6941713094711304
0.3683330714702606,1.4525538682937622,0.5419067740440369
0.9064753651618958,1.9871841669082642,0.5213443040847778
1.1014420986175537,2.0323519706726074,0.3687722086906433
1.196336269378662,1.9803308248519897,0.2893708646297455
1.3576077222824097,1.8680285215377808,0.1356368064880371
1.518385648727417,1.635331392288208,0.03931927680969238
1.799429178237915,1.5926686525344849,0.019154950976371765
2.0683887004852295,1.7808812856674194,0.03234227001667023
2.0653316974639893,1.8121997117996216,-0.09345139563083649
1.8854193687438965,1.9154170751571655,-0.34033045172691345
1.918399691581726,2.236821413040161,-0.5959959626197815
1.7515144348144531,1.890165090560913,-0.7957941293716431
1.7541677951812744,1.6659237146377563,-0.9817917346954346
1.8256560564041138,1.6474484205245972,-1.2142322063446045
1.8178783655166626,1.6593431234359741,-1.2716681957244873
1.9967559576034546,1.8709957599639893,-0.9578716158866882
2.4480369091033936,2.184055805206299,-0.8383123278617859
2.669440507888794,2.293139934539795,-0.8217995166778564
2.801194429397583,2.3548226356506348,-0.856539249420166
2.515716075897217,2.220902681350708,-0.6399165391921997
2.158902645111084,2.190751075744629,-0.1876879632472992
1.941467523574829,2.3562920093536377,0.37258219718933105
1.717536449432373,2.246720314025879,0.605019211769104
1.7089228630065918,2.2235586643218994,0.6497466564178467
1.7157373428344727,2.249464511871338,0.7319743633270264
1.612403392791748,2.229991912841797,0.9090232849121094
1.6247674226760864,2.2869138717651367,1.0212292671203613
1.6657146215438843,2.3710293769836426,1.129921793937683
1.7022150754928589,2.4748544692993164,1.2736161947250366
1.7606935501098633,2.549102306365967,1.3450889587402344
1.7755568027496338,2.5511181354522705,1.380101203918457
1.7543917894363403,2.4851701259613037,1.3714815378189087
1.7299869060516357,2.4522705078125,1.4081076383590698
1.6996300220489502,2.4489309787750244,1.4858145713806152
1.6103771924972534,2.3516218662261963,1.5069056749343872
1.441922664642334,2.1772468090057373,1.5175524950027466
1.2278980016708374,1.9382879734039307,1.476678729057312
0.9386133551597595,1.6259877681732178,1.4050168991088867
0.8734012246131897,1.5651636123657227,1.3023170232772827
1.109663486480713,1.9095001220703125,1.1376631259918213
1.2067949771881104,2.35052490234375,1.0219470262527466
1.3188440799713135,2.5535826683044434,0.6998023390769958
1.9398554563522339,2.919543981552124,0.28832802176475525
2.036330461502075,2.8457694053649902,0.11030054837465286
2.1702539920806885,2.8336243629455566,-0.10241889208555222
2.3611509799957275,2.9512782096862793,-0.21947240829467773
2.3652470111846924,2.951622486114502,-0.2249913215637207
1.8369847536087036,2.406984806060791,-0.20322179794311523
0.9980244040489197,1.5778100490570068,-0.21354341506958008
0.5316808223724365,0.7506510615348816,-0.33495262265205383
0.20636844635009766,0.11713875830173492,0.085208460688591
0.09738845378160477,-0.06117963045835495,0.2767990529537201
-0.3522661328315735,-0.3132314682006836,0.5871098637580872
-0.6155470013618469,-0.5793623924255371,0.6052864193916321
-0.6328743100166321,-0.6001944541931152,0.6019070744514465
-0.5785225033760071,-0.5831952095031738,0.5458224415779114
-0.5989053845405579,-0.5809721946716309,0.5787137150764465
-0.6241300702095032,-0.6047015190124512,0.5828955769538879
-0.6224706768989563,-0.6125826835632324,0.5695965886116028
-0.5817039608955383,-0.5856962203979492,0.5470274090766907
-0.5874612927436829,-0.5867562294006348,0.5539906620979309
-0.5882146954536438,-0.5916109085083008,0.5483973622322083
-0.5906360745429993,-0.5975499153137207,0.5437477231025696
-0.5956991314888,-0.5982985496520996,0.5501235127449036
-0.597027599811554,-0.5905661582946777,0.562732994556427
-0.5984228253364563,-0.6008749008178711,0.5505555272102356
-0.6179168820381165,-0.6120181083679199,0.5637109875679016
-0.5955131649971008,-0.598142147064209,0.5500667691230774
-0.6054075360298157,-0.6011214256286621,0.5604375004768372
-0.6116283535957336,-0.6120796203613281,0.554425060749054
-0.5994394421577454,-0.5993661880493164,0.5541241765022278
-0.5894353985786438,-0.5895342826843262,0.5530465245246887
-0.5902288556098938,-0.589118480682373,0.5547817349433899
-0.6029425263404846,-0.5914369225502014,0.5604572296142578
-0.6338289380073547,-0.5602222084999084,0.6177932024002075
-0.5704891085624695,-0.6289957165718079,0.3751082122325897
-0.5613488554954529,-0.5861955881118774,0.33910462260246277
-0.5630638599395752,-0.5355161428451538,0.30416759848594666
-0.5774546265602112,-0.484821081161499,0.2680683434009552
-0.6041366457939148,-0.4407273232936859,0.23182082176208496
-0.6350526213645935,-0.40422558784484863,0.19464096426963806
-0.6681172847747803,-0.38044479489326477,0.1565493643283844
-0.6960324048995972,-0.3654435873031616,0.11816436797380447
-0.7127663493156433,-0.3535974621772766,0.08015048503875732
-0.7244685292243958,-0.3421093821525574,0.0436689630150795
-0.45558393001556396,-0.1448657363653183,-0.1471034586429596
-0.1092541366815567,-0.10033241659402847,-0.6579192876815796
-0.16504023969173431,-0.16645507514476776,-0.724480390548706
-0.2311667948961258,-0.2540957033634186,-0.7928370833396912
-0.5083139538764954,-0.4891684353351593,-0.7403916120529175
-0.5800589323043823,-0.6111873984336853,-0.8174030780792236
-0.4881073236465454,-0.5471704602241516,-0.8652867674827576
-0.3469868302345276,-0.4846912920475006,-0.9800624847412109
-0.3746919631958008,-0.4895733594894409,-0.9385148882865906
-0.5599337816238403,-0.6452615261077881,-0.8761175870895386
-0.5374122262001038,-0.6492242217063904,-0.9123031497001648
-0.5252586007118225,-0.635866105556488,-0.9116613268852234
-0.527865469455719,-0.6439103484153748,-0.9189421534538269
-0.5301743149757385,-0.685090959072113,-0.972364604473114
-0.5371242165565491,-0.7153567671775818,-1.0039416551589966
-0.5309777855873108,-0.7148703932762146,-1.0122648477554321
-0.5346017479896545,-0.718528687953949,-1.0120078325271606
-0.5457263588905334,-0.7327708601951599,-1.0153733491897583
-0.5815568566322327,-0.7570886015892029,-0.9964854121208191
-0.5926962494850159,-0.7490653395652771,-0.9691187739372253
-0.5995412468910217,-0.7409362196922302,-0.9478899836540222
-0.6285930275917053,-0.7634448409080505,-0.9364258646965027
-0.6648727059364319,-0.7931641936302185,-0.924329936504364
-0.6929708123207092,-0.8034848570823669,-0.8974511027336121
-0.6973682045936584,-0.8011311888694763,-0.8877689242362976
-0.7107110619544983,-0.8000048995018005,-0.8666908144950867
-0.7142749428749084,-0.7919644713401794,-0.8503863215446472
-0.6894593834877014,-0.7583598494529724,-0.8403474688529968
-0.6152287125587463,-0.6535796523094177,-0.8044425845146179
-0.18238982558250427,0.1362687200307846,-0.34835749864578247
-0.12477868795394897,0.2888343632221222,-0.23559120297431946
-0.0840628445148468,0.44336429238319397,-0.10897090286016464
-0.03802075609564781,0.5257686376571655,-0.06601985543966293
-0.10394564270973206,0.474008172750473,0.01064898818731308
-0.11119458079338074,0.4120997488498688,0.02683970332145691
-0.0896008163690567,0.386360883712768